180.0022 5.0095 10.4193
228.0086 5.0038 10.4195
276.0035 5.0050 10.4239
324.0004 5.0060 10.4262
372.0008 5.0047 10.4250
420.0051 5.0058 10.4175
180.0042 15.0081 10.4261
228.0060 15.0076 10.4228
276.0013 15.0015 10.4261
324.0005 15.0018 10.4168
372.0022 15.0018 10.4207
420.0064 15.0004 10.4254
180.0043 25.0029 10.4248
228.0084 25.0087 10.4176
276.0059 25.0084 10.4238
324.0043 25.0075 10.4265
372.0087 25.0035 10.4185
420.0029 25.0029 10.4186
180.0079 35.0072 10.4235
228.0082 35.0050 10.4253
276.0057 35.0026 10.4258
324.0009 35.0013 10.4217
372.0045 35.0017 10.4211
420.0065 35.0008 10.4234
180.0094 45.0042 10.4263
228.0082 45.0095 10.4235
276.0004 45.0092 10.4228
324.0018 45.0002 10.4243
372.0036 45.0018 10.4227
420.0036 45.0100 10.4182
180.0012 55.0080 10.4212
228.0007 55.0044 10.4222
276.0002 55.0003 10.4260
324.0044 55.0060 10.4172
372.0027 55.0071 10.4260
420.0096 55.0078 10.4182
180.0072 5.0065 31.2540
228.0041 5.0003 31.2567
276.0079 5.0030 31.2579
324.0051 5.0091 31.2590
372.0068 5.0031 31.2518
420.0002 5.0012 31.2537
180.0048 15.0041 31.2529
228.0035 15.0013 31.2552
276.0080 15.0065 31.2523
324.0072 15.0086 31.2567
372.0063 15.0070 31.2536
420.0041 15.0034 31.2546
180.0066 25.0034 31.2593
228.0058 25.0061 31.2582
276.0025 25.0042 31.2515
324.0027 25.0076 31.2571
372.0024 25.0056 31.2561
420.0066 25.0091 31.2597
180.0066 35.0061 31.2549
228.0090 35.0053 31.2502
276.0087 35.0030 31.2537
324.0015 35.0028 31.2550
372.0020 35.0093 31.2547
420.0036 35.0085 31.2584
180.0063 45.0051 31.2522
228.0072 45.0065 31.2590
276.0063 45.0091 31.2527
324.0025 45.0028 31.2559
372.0020 45.0022 31.2511
420.0059 45.0034 31.2517
180.0058 55.0069 31.2512
228.0076 55.0048 31.2570
276.0074 55.0012 31.2575
324.0044 55.0099 31.2594
372.0058 55.0091 31.2575
420.0051 55.0049 31.2570
180.0014 5.0032 52.0882
228.0007 5.0076 52.0864
276.0002 5.0013 52.0844
324.0057 5.0027 52.0868
372.0094 5.0063 52.0898
420.0025 5.0036 52.0899
180.0076 15.0090 52.0890
228.0024 15.0100 52.0933
276.0005 15.0096 52.0912
324.0016 15.0032 52.0927
372.0095 15.0064 52.0845
420.0077 15.0091 52.0874
180.0051 25.0050 52.0886
228.0041 25.0072 52.0890
276.0049 25.0017 52.0911
324.0003 25.0001 52.0931
372.0080 25.0051 52.0862
420.0067 25.0089 52.0871
180.0007 35.0028 52.0864
228.0002 35.0074 52.0907
276.0079 35.0065 52.0863
324.0099 35.0097 52.0876
372.0069 35.0080 52.0907
420.0072 35.0046 52.0926
180.0098 45.0025 52.0916
228.0076 45.0099 52.0921
276.0068 45.0094 52.0848
324.0077 45.0025 52.0906
372.0090 45.0056 52.0874
420.0036 45.0025 52.0888
180.0079 55.0073 52.0872
228.0088 55.0013 52.0853
276.0059 55.0010 52.0933
324.0097 55.0085 52.0903
372.0078 55.0015 52.0867
420.0004 55.0046 52.0848
180.0057 5.0032 72.9183
228.0008 5.0008 72.9199
276.0054 5.0077 72.9168
324.0039 5.0023 72.9229
372.0065 5.0091 72.9251
420.0015 5.0021 72.9245
180.0036 15.0044 72.9240
228.0055 15.0000 72.9260
276.0058 15.0064 72.9260
324.0030 15.0094 72.9200
372.0055 15.0044 72.9227
420.0067 15.0030 72.9168
180.0067 25.0007 72.9221
228.0012 25.0077 72.9233
276.0028 25.0062 72.9244
324.0002 25.0087 72.9245
372.0095 25.0020 72.9258
420.0054 25.0046 72.9180
180.0015 35.0058 72.9216
228.0023 35.0001 72.9198
276.0054 35.0063 72.9236
324.0098 35.0004 72.9243
372.0028 35.0084 72.9255
420.0098 35.0034 72.9250
180.0011 45.0087 72.9176
228.0012 45.0039 72.9242
276.0015 45.0077 72.9224
324.0061 45.0093 72.9244
372.0067 45.0048 72.9196
420.0014 45.0077 72.9221
180.0059 55.0045 72.9214
228.0096 55.0067 72.9182
276.0006 55.0086 72.9173
324.0041 55.0003 72.9201
372.0032 55.0035 72.9203
420.0055 55.0007 72.9196
180.0090 5.0010 93.7575
228.0046 5.0059 93.7506
276.0031 5.0046 93.7580
324.0068 5.0039 93.7585
372.0091 5.0052 93.7573
420.0030 5.0019 93.7513
180.0024 15.0097 93.7536
228.0006 15.0090 93.7528
276.0091 15.0038 93.7509
324.0023 15.0100 93.7501
372.0056 15.0065 93.7537
420.0070 15.0031 93.7507
180.0044 25.0086 93.7546
228.0036 25.0059 93.7599
276.0036 25.0038 93.7531
324.0030 25.0083 93.7589
372.0066 25.0090 93.7564
420.0057 25.0014 93.7539
180.0068 35.0071 93.7576
228.0043 35.0066 93.7518
276.0053 35.0042 93.7557
324.0065 35.0048 93.7542
372.0014 35.0047 93.7566
420.0067 35.0091 93.7573
180.0036 45.0086 93.7567
228.0031 45.0064 93.7568
276.0060 45.0062 93.7590
324.0043 45.0033 93.7513
372.0020 45.0087 93.7525
420.0059 45.0079 93.7563
180.0073 55.0054 93.7513
228.0001 55.0055 93.7558
276.0052 55.0043 93.7551
324.0031 55.0025 93.7580
372.0069 55.0095 93.7568
420.0051 55.0064 93.7569
180.0056 5.0092 114.5861
228.0003 5.0039 114.5896
276.0001 5.0099 114.5858
324.0040 5.0003 114.5932
372.0087 5.0078 114.5854
420.0099 5.0034 114.5859
180.0029 15.0010 114.5894
228.0099 15.0037 114.5871
276.0058 15.0059 114.5863
324.0042 15.0054 114.5887
372.0024 15.0058 114.5931
420.0033 15.0007 114.5838
180.0087 25.0065 114.5851
228.0020 25.0038 114.5899
276.0017 25.0077 114.5840
324.0081 25.0045 114.5876
372.0065 25.0071 114.5856
420.0046 25.0074 114.5862
180.0089 35.0039 114.5841
228.0092 35.0038 114.5920
276.0009 35.0007 114.5870
324.0017 35.0002 114.5876
372.0017 35.0049 114.5926
420.0052 35.0029 114.5861
180.0019 45.0093 114.5880
228.0094 45.0066 114.5894
276.0074 45.0044 114.5916
324.0017 45.0038 114.5922
372.0016 45.0063 114.5882
420.0084 45.0009 114.5879
180.0004 55.0068 114.5889
228.0050 55.0005 114.5862
276.0074 55.0009 114.5900
324.0038 55.0073 114.5838
372.0014 55.0009 114.5901
420.0049 55.0047 114.5849
