20
-0.04357787137382901 0.25 0.0
0.04357787137382907 0.75 0.4

-0.04357787137382901 -0.75 0.0
0.04357787137382907 -0.25 0.4

-0.04357787137382901 0.25 0.4000000000000001
0.04357787137382907 0.75 0.8

-0.04357787137382901 -0.75 0.4000000000000001
0.04357787137382907 -0.25 0.8

-0.04357787137382901 0.25 0.8
0.04357787137382907 0.75 1.2

-0.04357787137382901 -0.75 0.8
0.04357787137382907 -0.25 1.2

-0.04357787137382901 0.25 1.2
0.04357787137382907 0.75 1.5999999999999999

-0.04357787137382901 -0.75 1.2
0.04357787137382907 -0.25 1.5999999999999999

-0.04357787137382901 0.25 1.5999999999999999
0.04357787137382907 0.75 1.9999999999999998

-0.04357787137382901 -0.75 1.5999999999999999
0.04357787137382907 -0.25 1.9999999999999998

-0.04357787137382901 0.25 1.9999999999999998
0.04357787137382907 0.75 2.4

-0.04357787137382901 -0.75 1.9999999999999998
0.04357787137382907 -0.25 2.4

-0.04357787137382901 0.25 2.3999999999999995
0.04357787137382907 0.75 2.8

-0.04357787137382901 -0.75 2.3999999999999995
0.04357787137382907 -0.25 2.8

-0.04357787137382901 0.25 2.7999999999999994
0.04357787137382907 0.75 3.1999999999999997

-0.04357787137382901 -0.75 2.7999999999999994
0.04357787137382907 -0.25 3.1999999999999997

-0.04357787137382901 0.25 3.1999999999999993
0.04357787137382907 0.75 3.5999999999999996

-0.04357787137382901 -0.75 3.1999999999999993
0.04357787137382907 -0.25 3.5999999999999996

-0.04357787137382901 0.25 3.599999999999999
0.04357787137382907 0.75 3.9999999999999996

-0.04357787137382901 -0.75 3.599999999999999
0.04357787137382907 -0.25 3.9999999999999996

