6.999999999999999556e-01 0.000000000000000000e+00 2.000000000000000111e-01
6.893654271085455365e-01 1.215537243668512180e-01 2.000000000000000111e-01
6.577848345501358107e-01 2.394141003279680879e-01 2.000000000000000111e-01
6.062177826491070842e-01 3.499999999999999223e-01 2.000000000000000111e-01
5.362311101832846205e-01 4.499513267805774208e-01 2.000000000000000111e-01
4.499513267805775318e-01 5.362311101832846205e-01 2.000000000000000111e-01
3.500000000000000333e-01 6.062177826491069732e-01 2.000000000000000111e-01
2.394141003279681712e-01 6.577848345501358107e-01 2.000000000000000111e-01
1.215537243668512873e-01 6.893654271085455365e-01 2.000000000000000111e-01
4.286263797015735979e-17 6.999999999999999556e-01 2.000000000000000111e-01
-1.215537243668512041e-01 6.893654271085455365e-01 2.000000000000000111e-01
-2.394141003279680879e-01 6.577848345501358107e-01 2.000000000000000111e-01
-3.499999999999998113e-01 6.062177826491070842e-01 2.000000000000000111e-01
-4.499513267805775318e-01 5.362311101832846205e-01 2.000000000000000111e-01
-5.362311101832845095e-01 4.499513267805775873e-01 2.000000000000000111e-01
-6.062177826491070842e-01 3.499999999999999223e-01 2.000000000000000111e-01
-6.577848345501358107e-01 2.394141003279681990e-01 2.000000000000000111e-01
-6.893654271085455365e-01 1.215537243668511902e-01 2.000000000000000111e-01
-6.999999999999999556e-01 8.572527594031471957e-17 2.000000000000000111e-01
-6.893654271085455365e-01 -1.215537243668513151e-01 2.000000000000000111e-01
-6.577848345501358107e-01 -2.394141003279680324e-01 2.000000000000000111e-01
-6.062177826491069732e-01 -3.500000000000000333e-01 2.000000000000000111e-01
-5.362311101832846205e-01 -4.499513267805774208e-01 2.000000000000000111e-01
-4.499513267805775873e-01 -5.362311101832845095e-01 2.000000000000000111e-01
-3.500000000000003109e-01 -6.062177826491068622e-01 2.000000000000000111e-01
-2.394141003279685598e-01 -6.577848345501356997e-01 2.000000000000000111e-01
-1.215537243668512180e-01 -6.893654271085455365e-01 2.000000000000000111e-01
-1.285879139104720732e-16 -6.999999999999999556e-01 2.000000000000000111e-01
1.215537243668509682e-01 -6.893654271085456475e-01 2.000000000000000111e-01
2.394141003279676994e-01 -6.577848345501359217e-01 2.000000000000000111e-01
3.500000000000000333e-01 -6.062177826491069732e-01 2.000000000000000111e-01
4.499513267805774208e-01 -5.362311101832846205e-01 2.000000000000000111e-01
5.362311101832843985e-01 -4.499513267805776984e-01 2.000000000000000111e-01
6.062177826491068622e-01 -3.500000000000003109e-01 2.000000000000000111e-01
6.577848345501358107e-01 -2.394141003279680047e-01 2.000000000000000111e-01
6.893654271085455365e-01 -1.215537243668518841e-01 2.000000000000000111e-01
1.000000000000000000e+00 0.000000000000000000e+00 2.000000000000000111e-01
9.848077530122080203e-01 1.736481776669303312e-01 2.000000000000000111e-01
9.396926207859084279e-01 3.420201433256687129e-01 2.000000000000000111e-01
8.660254037844387076e-01 4.999999999999999445e-01 2.000000000000000111e-01
7.660444431189780135e-01 6.427876096865392519e-01 2.000000000000000111e-01
6.427876096865393629e-01 7.660444431189780135e-01 2.000000000000000111e-01
5.000000000000001110e-01 8.660254037844385966e-01 2.000000000000000111e-01
3.420201433256688239e-01 9.396926207859083169e-01 2.000000000000000111e-01
1.736481776669304145e-01 9.848077530122080203e-01 2.000000000000000111e-01
6.123233995736766036e-17 1.000000000000000000e+00 2.000000000000000111e-01
-1.736481776669303034e-01 9.848077530122080203e-01 2.000000000000000111e-01
-3.420201433256687129e-01 9.396926207859084279e-01 2.000000000000000111e-01
-4.999999999999997780e-01 8.660254037844387076e-01 2.000000000000000111e-01
-6.427876096865393629e-01 7.660444431189780135e-01 2.000000000000000111e-01
-7.660444431189779024e-01 6.427876096865394739e-01 2.000000000000000111e-01
-8.660254037844387076e-01 4.999999999999999445e-01 2.000000000000000111e-01
-9.396926207859083169e-01 3.420201433256688794e-01 2.000000000000000111e-01
-9.848077530122080203e-01 1.736481776669302757e-01 2.000000000000000111e-01
-1.000000000000000000e+00 1.224646799147353207e-16 2.000000000000000111e-01
-9.848077530122080203e-01 -1.736481776669304700e-01 2.000000000000000111e-01
-9.396926207859084279e-01 -3.420201433256686574e-01 2.000000000000000111e-01
-8.660254037844385966e-01 -5.000000000000001110e-01 2.000000000000000111e-01
-7.660444431189780135e-01 -6.427876096865392519e-01 2.000000000000000111e-01
-6.427876096865394739e-01 -7.660444431189779024e-01 2.000000000000000111e-01
-5.000000000000004441e-01 -8.660254037844384856e-01 2.000000000000000111e-01
-3.420201433256693790e-01 -9.396926207859082059e-01 2.000000000000000111e-01
-1.736481776669303312e-01 -9.848077530122080203e-01 2.000000000000000111e-01
-1.836970198721029688e-16 -1.000000000000000000e+00 2.000000000000000111e-01
1.736481776669299704e-01 -9.848077530122081313e-01 2.000000000000000111e-01
3.420201433256681578e-01 -9.396926207859085389e-01 2.000000000000000111e-01
5.000000000000001110e-01 -8.660254037844385966e-01 2.000000000000000111e-01
6.427876096865392519e-01 -7.660444431189781245e-01 2.000000000000000111e-01
7.660444431189777914e-01 -6.427876096865395850e-01 2.000000000000000111e-01
8.660254037844383745e-01 -5.000000000000004441e-01 2.000000000000000111e-01
9.396926207859084279e-01 -3.420201433256686019e-01 2.000000000000000111e-01
9.848077530122079093e-01 -1.736481776669312749e-01 2.000000000000000111e-01
1.000000000000000000e+00 -1.000000000000000000e+00 2.000000000000000111e-01
1.000000000000000000e+00 0.000000000000000000e+00 2.000000000000000111e-01
1.000000000000000000e+00 1.000000000000000000e+00 2.000000000000000111e-01
2.000000000000000000e+00 -1.000000000000000000e+00 2.000000000000000111e-01
2.000000000000000000e+00 0.000000000000000000e+00 2.000000000000000111e-01
2.000000000000000000e+00 1.000000000000000000e+00 2.000000000000000111e-01
3.000000000000000000e+00 -1.000000000000000000e+00 2.000000000000000111e-01
3.000000000000000000e+00 0.000000000000000000e+00 2.000000000000000111e-01
3.000000000000000000e+00 1.000000000000000000e+00 2.000000000000000111e-01
2.500000000000000000e-01 -1.500000000000000000e+00 2.000000000000000111e-01
2.500000000000000000e-01 1.500000000000000000e+00 2.000000000000000111e-01
5.000000000000000000e-01 -1.500000000000000000e+00 2.000000000000000111e-01
5.000000000000000000e-01 1.500000000000000000e+00 2.000000000000000111e-01
6.999999999999999556e-01 0.000000000000000000e+00 6.000000000000000888e-01
6.893654271085455365e-01 1.215537243668512180e-01 6.000000000000000888e-01
6.577848345501358107e-01 2.394141003279680879e-01 6.000000000000000888e-01
6.062177826491070842e-01 3.499999999999999223e-01 6.000000000000000888e-01
5.362311101832846205e-01 4.499513267805774208e-01 6.000000000000000888e-01
4.499513267805775318e-01 5.362311101832846205e-01 6.000000000000000888e-01
3.500000000000000333e-01 6.062177826491069732e-01 6.000000000000000888e-01
2.394141003279681712e-01 6.577848345501358107e-01 6.000000000000000888e-01
1.215537243668512873e-01 6.893654271085455365e-01 6.000000000000000888e-01
4.286263797015735979e-17 6.999999999999999556e-01 6.000000000000000888e-01
-1.215537243668512041e-01 6.893654271085455365e-01 6.000000000000000888e-01
-2.394141003279680879e-01 6.577848345501358107e-01 6.000000000000000888e-01
-3.499999999999998113e-01 6.062177826491070842e-01 6.000000000000000888e-01
-4.499513267805775318e-01 5.362311101832846205e-01 6.000000000000000888e-01
-5.362311101832845095e-01 4.499513267805775873e-01 6.000000000000000888e-01
-6.062177826491070842e-01 3.499999999999999223e-01 6.000000000000000888e-01
-6.577848345501358107e-01 2.394141003279681990e-01 6.000000000000000888e-01
-6.893654271085455365e-01 1.215537243668511902e-01 6.000000000000000888e-01
-6.999999999999999556e-01 8.572527594031471957e-17 6.000000000000000888e-01
-6.893654271085455365e-01 -1.215537243668513151e-01 6.000000000000000888e-01
-6.577848345501358107e-01 -2.394141003279680324e-01 6.000000000000000888e-01
-6.062177826491069732e-01 -3.500000000000000333e-01 6.000000000000000888e-01
-5.362311101832846205e-01 -4.499513267805774208e-01 6.000000000000000888e-01
-4.499513267805775873e-01 -5.362311101832845095e-01 6.000000000000000888e-01
-3.500000000000003109e-01 -6.062177826491068622e-01 6.000000000000000888e-01
-2.394141003279685598e-01 -6.577848345501356997e-01 6.000000000000000888e-01
-1.215537243668512180e-01 -6.893654271085455365e-01 6.000000000000000888e-01
-1.285879139104720732e-16 -6.999999999999999556e-01 6.000000000000000888e-01
1.215537243668509682e-01 -6.893654271085456475e-01 6.000000000000000888e-01
2.394141003279676994e-01 -6.577848345501359217e-01 6.000000000000000888e-01
3.500000000000000333e-01 -6.062177826491069732e-01 6.000000000000000888e-01
4.499513267805774208e-01 -5.362311101832846205e-01 6.000000000000000888e-01
5.362311101832843985e-01 -4.499513267805776984e-01 6.000000000000000888e-01
6.062177826491068622e-01 -3.500000000000003109e-01 6.000000000000000888e-01
6.577848345501358107e-01 -2.394141003279680047e-01 6.000000000000000888e-01
6.893654271085455365e-01 -1.215537243668518841e-01 6.000000000000000888e-01
1.000000000000000000e+00 0.000000000000000000e+00 6.000000000000000888e-01
9.848077530122080203e-01 1.736481776669303312e-01 6.000000000000000888e-01
9.396926207859084279e-01 3.420201433256687129e-01 6.000000000000000888e-01
8.660254037844387076e-01 4.999999999999999445e-01 6.000000000000000888e-01
7.660444431189780135e-01 6.427876096865392519e-01 6.000000000000000888e-01
6.427876096865393629e-01 7.660444431189780135e-01 6.000000000000000888e-01
5.000000000000001110e-01 8.660254037844385966e-01 6.000000000000000888e-01
3.420201433256688239e-01 9.396926207859083169e-01 6.000000000000000888e-01
1.736481776669304145e-01 9.848077530122080203e-01 6.000000000000000888e-01
6.123233995736766036e-17 1.000000000000000000e+00 6.000000000000000888e-01
-1.736481776669303034e-01 9.848077530122080203e-01 6.000000000000000888e-01
-3.420201433256687129e-01 9.396926207859084279e-01 6.000000000000000888e-01
-4.999999999999997780e-01 8.660254037844387076e-01 6.000000000000000888e-01
-6.427876096865393629e-01 7.660444431189780135e-01 6.000000000000000888e-01
-7.660444431189779024e-01 6.427876096865394739e-01 6.000000000000000888e-01
-8.660254037844387076e-01 4.999999999999999445e-01 6.000000000000000888e-01
-9.396926207859083169e-01 3.420201433256688794e-01 6.000000000000000888e-01
-9.848077530122080203e-01 1.736481776669302757e-01 6.000000000000000888e-01
-1.000000000000000000e+00 1.224646799147353207e-16 6.000000000000000888e-01
-9.848077530122080203e-01 -1.736481776669304700e-01 6.000000000000000888e-01
-9.396926207859084279e-01 -3.420201433256686574e-01 6.000000000000000888e-01
-8.660254037844385966e-01 -5.000000000000001110e-01 6.000000000000000888e-01
-7.660444431189780135e-01 -6.427876096865392519e-01 6.000000000000000888e-01
-6.427876096865394739e-01 -7.660444431189779024e-01 6.000000000000000888e-01
-5.000000000000004441e-01 -8.660254037844384856e-01 6.000000000000000888e-01
-3.420201433256693790e-01 -9.396926207859082059e-01 6.000000000000000888e-01
-1.736481776669303312e-01 -9.848077530122080203e-01 6.000000000000000888e-01
-1.836970198721029688e-16 -1.000000000000000000e+00 6.000000000000000888e-01
1.736481776669299704e-01 -9.848077530122081313e-01 6.000000000000000888e-01
3.420201433256681578e-01 -9.396926207859085389e-01 6.000000000000000888e-01
5.000000000000001110e-01 -8.660254037844385966e-01 6.000000000000000888e-01
6.427876096865392519e-01 -7.660444431189781245e-01 6.000000000000000888e-01
7.660444431189777914e-01 -6.427876096865395850e-01 6.000000000000000888e-01
8.660254037844383745e-01 -5.000000000000004441e-01 6.000000000000000888e-01
9.396926207859084279e-01 -3.420201433256686019e-01 6.000000000000000888e-01
9.848077530122079093e-01 -1.736481776669312749e-01 6.000000000000000888e-01
1.000000000000000000e+00 -1.000000000000000000e+00 6.000000000000000888e-01
1.000000000000000000e+00 0.000000000000000000e+00 6.000000000000000888e-01
1.000000000000000000e+00 1.000000000000000000e+00 6.000000000000000888e-01
2.000000000000000000e+00 -1.000000000000000000e+00 6.000000000000000888e-01
2.000000000000000000e+00 0.000000000000000000e+00 6.000000000000000888e-01
2.000000000000000000e+00 1.000000000000000000e+00 6.000000000000000888e-01
3.000000000000000000e+00 -1.000000000000000000e+00 6.000000000000000888e-01
3.000000000000000000e+00 0.000000000000000000e+00 6.000000000000000888e-01
3.000000000000000000e+00 1.000000000000000000e+00 6.000000000000000888e-01
2.500000000000000000e-01 -1.500000000000000000e+00 6.000000000000000888e-01
2.500000000000000000e-01 1.500000000000000000e+00 6.000000000000000888e-01
5.000000000000000000e-01 -1.500000000000000000e+00 6.000000000000000888e-01
5.000000000000000000e-01 1.500000000000000000e+00 6.000000000000000888e-01
6.999999999999999556e-01 0.000000000000000000e+00 1.000000000000000000e+00
6.893654271085455365e-01 1.215537243668512180e-01 1.000000000000000000e+00
6.577848345501358107e-01 2.394141003279680879e-01 1.000000000000000000e+00
6.062177826491070842e-01 3.499999999999999223e-01 1.000000000000000000e+00
5.362311101832846205e-01 4.499513267805774208e-01 1.000000000000000000e+00
4.499513267805775318e-01 5.362311101832846205e-01 1.000000000000000000e+00
3.500000000000000333e-01 6.062177826491069732e-01 1.000000000000000000e+00
2.394141003279681712e-01 6.577848345501358107e-01 1.000000000000000000e+00
1.215537243668512873e-01 6.893654271085455365e-01 1.000000000000000000e+00
4.286263797015735979e-17 6.999999999999999556e-01 1.000000000000000000e+00
-1.215537243668512041e-01 6.893654271085455365e-01 1.000000000000000000e+00
-2.394141003279680879e-01 6.577848345501358107e-01 1.000000000000000000e+00
-3.499999999999998113e-01 6.062177826491070842e-01 1.000000000000000000e+00
-4.499513267805775318e-01 5.362311101832846205e-01 1.000000000000000000e+00
-5.362311101832845095e-01 4.499513267805775873e-01 1.000000000000000000e+00
-6.062177826491070842e-01 3.499999999999999223e-01 1.000000000000000000e+00
-6.577848345501358107e-01 2.394141003279681990e-01 1.000000000000000000e+00
-6.893654271085455365e-01 1.215537243668511902e-01 1.000000000000000000e+00
-6.999999999999999556e-01 8.572527594031471957e-17 1.000000000000000000e+00
-6.893654271085455365e-01 -1.215537243668513151e-01 1.000000000000000000e+00
-6.577848345501358107e-01 -2.394141003279680324e-01 1.000000000000000000e+00
-6.062177826491069732e-01 -3.500000000000000333e-01 1.000000000000000000e+00
-5.362311101832846205e-01 -4.499513267805774208e-01 1.000000000000000000e+00
-4.499513267805775873e-01 -5.362311101832845095e-01 1.000000000000000000e+00
-3.500000000000003109e-01 -6.062177826491068622e-01 1.000000000000000000e+00
-2.394141003279685598e-01 -6.577848345501356997e-01 1.000000000000000000e+00
-1.215537243668512180e-01 -6.893654271085455365e-01 1.000000000000000000e+00
-1.285879139104720732e-16 -6.999999999999999556e-01 1.000000000000000000e+00
1.215537243668509682e-01 -6.893654271085456475e-01 1.000000000000000000e+00
2.394141003279676994e-01 -6.577848345501359217e-01 1.000000000000000000e+00
3.500000000000000333e-01 -6.062177826491069732e-01 1.000000000000000000e+00
4.499513267805774208e-01 -5.362311101832846205e-01 1.000000000000000000e+00
5.362311101832843985e-01 -4.499513267805776984e-01 1.000000000000000000e+00
6.062177826491068622e-01 -3.500000000000003109e-01 1.000000000000000000e+00
6.577848345501358107e-01 -2.394141003279680047e-01 1.000000000000000000e+00
6.893654271085455365e-01 -1.215537243668518841e-01 1.000000000000000000e+00
1.000000000000000000e+00 0.000000000000000000e+00 1.000000000000000000e+00
9.848077530122080203e-01 1.736481776669303312e-01 1.000000000000000000e+00
9.396926207859084279e-01 3.420201433256687129e-01 1.000000000000000000e+00
8.660254037844387076e-01 4.999999999999999445e-01 1.000000000000000000e+00
7.660444431189780135e-01 6.427876096865392519e-01 1.000000000000000000e+00
6.427876096865393629e-01 7.660444431189780135e-01 1.000000000000000000e+00
5.000000000000001110e-01 8.660254037844385966e-01 1.000000000000000000e+00
3.420201433256688239e-01 9.396926207859083169e-01 1.000000000000000000e+00
1.736481776669304145e-01 9.848077530122080203e-01 1.000000000000000000e+00
6.123233995736766036e-17 1.000000000000000000e+00 1.000000000000000000e+00
-1.736481776669303034e-01 9.848077530122080203e-01 1.000000000000000000e+00
-3.420201433256687129e-01 9.396926207859084279e-01 1.000000000000000000e+00
-4.999999999999997780e-01 8.660254037844387076e-01 1.000000000000000000e+00
-6.427876096865393629e-01 7.660444431189780135e-01 1.000000000000000000e+00
-7.660444431189779024e-01 6.427876096865394739e-01 1.000000000000000000e+00
-8.660254037844387076e-01 4.999999999999999445e-01 1.000000000000000000e+00
-9.396926207859083169e-01 3.420201433256688794e-01 1.000000000000000000e+00
-9.848077530122080203e-01 1.736481776669302757e-01 1.000000000000000000e+00
-1.000000000000000000e+00 1.224646799147353207e-16 1.000000000000000000e+00
-9.848077530122080203e-01 -1.736481776669304700e-01 1.000000000000000000e+00
-9.396926207859084279e-01 -3.420201433256686574e-01 1.000000000000000000e+00
-8.660254037844385966e-01 -5.000000000000001110e-01 1.000000000000000000e+00
-7.660444431189780135e-01 -6.427876096865392519e-01 1.000000000000000000e+00
-6.427876096865394739e-01 -7.660444431189779024e-01 1.000000000000000000e+00
-5.000000000000004441e-01 -8.660254037844384856e-01 1.000000000000000000e+00
-3.420201433256693790e-01 -9.396926207859082059e-01 1.000000000000000000e+00
-1.736481776669303312e-01 -9.848077530122080203e-01 1.000000000000000000e+00
-1.836970198721029688e-16 -1.000000000000000000e+00 1.000000000000000000e+00
1.736481776669299704e-01 -9.848077530122081313e-01 1.000000000000000000e+00
3.420201433256681578e-01 -9.396926207859085389e-01 1.000000000000000000e+00
5.000000000000001110e-01 -8.660254037844385966e-01 1.000000000000000000e+00
6.427876096865392519e-01 -7.660444431189781245e-01 1.000000000000000000e+00
7.660444431189777914e-01 -6.427876096865395850e-01 1.000000000000000000e+00
8.660254037844383745e-01 -5.000000000000004441e-01 1.000000000000000000e+00
9.396926207859084279e-01 -3.420201433256686019e-01 1.000000000000000000e+00
9.848077530122079093e-01 -1.736481776669312749e-01 1.000000000000000000e+00
1.000000000000000000e+00 -1.000000000000000000e+00 1.000000000000000000e+00
1.000000000000000000e+00 0.000000000000000000e+00 1.000000000000000000e+00
1.000000000000000000e+00 1.000000000000000000e+00 1.000000000000000000e+00
2.000000000000000000e+00 -1.000000000000000000e+00 1.000000000000000000e+00
2.000000000000000000e+00 0.000000000000000000e+00 1.000000000000000000e+00
2.000000000000000000e+00 1.000000000000000000e+00 1.000000000000000000e+00
3.000000000000000000e+00 -1.000000000000000000e+00 1.000000000000000000e+00
3.000000000000000000e+00 0.000000000000000000e+00 1.000000000000000000e+00
3.000000000000000000e+00 1.000000000000000000e+00 1.000000000000000000e+00
2.500000000000000000e-01 -1.500000000000000000e+00 1.000000000000000000e+00
2.500000000000000000e-01 1.500000000000000000e+00 1.000000000000000000e+00
5.000000000000000000e-01 -1.500000000000000000e+00 1.000000000000000000e+00
5.000000000000000000e-01 1.500000000000000000e+00 1.000000000000000000e+00
6.999999999999999556e-01 0.000000000000000000e+00 1.400000000000000133e+00
6.893654271085455365e-01 1.215537243668512180e-01 1.400000000000000133e+00
6.577848345501358107e-01 2.394141003279680879e-01 1.400000000000000133e+00
6.062177826491070842e-01 3.499999999999999223e-01 1.400000000000000133e+00
5.362311101832846205e-01 4.499513267805774208e-01 1.400000000000000133e+00
4.499513267805775318e-01 5.362311101832846205e-01 1.400000000000000133e+00
3.500000000000000333e-01 6.062177826491069732e-01 1.400000000000000133e+00
2.394141003279681712e-01 6.577848345501358107e-01 1.400000000000000133e+00
1.215537243668512873e-01 6.893654271085455365e-01 1.400000000000000133e+00
4.286263797015735979e-17 6.999999999999999556e-01 1.400000000000000133e+00
-1.215537243668512041e-01 6.893654271085455365e-01 1.400000000000000133e+00
-2.394141003279680879e-01 6.577848345501358107e-01 1.400000000000000133e+00
-3.499999999999998113e-01 6.062177826491070842e-01 1.400000000000000133e+00
-4.499513267805775318e-01 5.362311101832846205e-01 1.400000000000000133e+00
-5.362311101832845095e-01 4.499513267805775873e-01 1.400000000000000133e+00
-6.062177826491070842e-01 3.499999999999999223e-01 1.400000000000000133e+00
-6.577848345501358107e-01 2.394141003279681990e-01 1.400000000000000133e+00
-6.893654271085455365e-01 1.215537243668511902e-01 1.400000000000000133e+00
-6.999999999999999556e-01 8.572527594031471957e-17 1.400000000000000133e+00
-6.893654271085455365e-01 -1.215537243668513151e-01 1.400000000000000133e+00
-6.577848345501358107e-01 -2.394141003279680324e-01 1.400000000000000133e+00
-6.062177826491069732e-01 -3.500000000000000333e-01 1.400000000000000133e+00
-5.362311101832846205e-01 -4.499513267805774208e-01 1.400000000000000133e+00
-4.499513267805775873e-01 -5.362311101832845095e-01 1.400000000000000133e+00
-3.500000000000003109e-01 -6.062177826491068622e-01 1.400000000000000133e+00
-2.394141003279685598e-01 -6.577848345501356997e-01 1.400000000000000133e+00
-1.215537243668512180e-01 -6.893654271085455365e-01 1.400000000000000133e+00
-1.285879139104720732e-16 -6.999999999999999556e-01 1.400000000000000133e+00
1.215537243668509682e-01 -6.893654271085456475e-01 1.400000000000000133e+00
2.394141003279676994e-01 -6.577848345501359217e-01 1.400000000000000133e+00
3.500000000000000333e-01 -6.062177826491069732e-01 1.400000000000000133e+00
4.499513267805774208e-01 -5.362311101832846205e-01 1.400000000000000133e+00
5.362311101832843985e-01 -4.499513267805776984e-01 1.400000000000000133e+00
6.062177826491068622e-01 -3.500000000000003109e-01 1.400000000000000133e+00
6.577848345501358107e-01 -2.394141003279680047e-01 1.400000000000000133e+00
6.893654271085455365e-01 -1.215537243668518841e-01 1.400000000000000133e+00
1.000000000000000000e+00 0.000000000000000000e+00 1.400000000000000133e+00
9.848077530122080203e-01 1.736481776669303312e-01 1.400000000000000133e+00
9.396926207859084279e-01 3.420201433256687129e-01 1.400000000000000133e+00
8.660254037844387076e-01 4.999999999999999445e-01 1.400000000000000133e+00
7.660444431189780135e-01 6.427876096865392519e-01 1.400000000000000133e+00
6.427876096865393629e-01 7.660444431189780135e-01 1.400000000000000133e+00
5.000000000000001110e-01 8.660254037844385966e-01 1.400000000000000133e+00
3.420201433256688239e-01 9.396926207859083169e-01 1.400000000000000133e+00
1.736481776669304145e-01 9.848077530122080203e-01 1.400000000000000133e+00
6.123233995736766036e-17 1.000000000000000000e+00 1.400000000000000133e+00
-1.736481776669303034e-01 9.848077530122080203e-01 1.400000000000000133e+00
-3.420201433256687129e-01 9.396926207859084279e-01 1.400000000000000133e+00
-4.999999999999997780e-01 8.660254037844387076e-01 1.400000000000000133e+00
-6.427876096865393629e-01 7.660444431189780135e-01 1.400000000000000133e+00
-7.660444431189779024e-01 6.427876096865394739e-01 1.400000000000000133e+00
-8.660254037844387076e-01 4.999999999999999445e-01 1.400000000000000133e+00
-9.396926207859083169e-01 3.420201433256688794e-01 1.400000000000000133e+00
-9.848077530122080203e-01 1.736481776669302757e-01 1.400000000000000133e+00
-1.000000000000000000e+00 1.224646799147353207e-16 1.400000000000000133e+00
-9.848077530122080203e-01 -1.736481776669304700e-01 1.400000000000000133e+00
-9.396926207859084279e-01 -3.420201433256686574e-01 1.400000000000000133e+00
-8.660254037844385966e-01 -5.000000000000001110e-01 1.400000000000000133e+00
-7.660444431189780135e-01 -6.427876096865392519e-01 1.400000000000000133e+00
-6.427876096865394739e-01 -7.660444431189779024e-01 1.400000000000000133e+00
-5.000000000000004441e-01 -8.660254037844384856e-01 1.400000000000000133e+00
-3.420201433256693790e-01 -9.396926207859082059e-01 1.400000000000000133e+00
-1.736481776669303312e-01 -9.848077530122080203e-01 1.400000000000000133e+00
-1.836970198721029688e-16 -1.000000000000000000e+00 1.400000000000000133e+00
1.736481776669299704e-01 -9.848077530122081313e-01 1.400000000000000133e+00
3.420201433256681578e-01 -9.396926207859085389e-01 1.400000000000000133e+00
5.000000000000001110e-01 -8.660254037844385966e-01 1.400000000000000133e+00
6.427876096865392519e-01 -7.660444431189781245e-01 1.400000000000000133e+00
7.660444431189777914e-01 -6.427876096865395850e-01 1.400000000000000133e+00
8.660254037844383745e-01 -5.000000000000004441e-01 1.400000000000000133e+00
9.396926207859084279e-01 -3.420201433256686019e-01 1.400000000000000133e+00
9.848077530122079093e-01 -1.736481776669312749e-01 1.400000000000000133e+00
1.000000000000000000e+00 -1.000000000000000000e+00 1.400000000000000133e+00
1.000000000000000000e+00 0.000000000000000000e+00 1.400000000000000133e+00
1.000000000000000000e+00 1.000000000000000000e+00 1.400000000000000133e+00
2.000000000000000000e+00 -1.000000000000000000e+00 1.400000000000000133e+00
2.000000000000000000e+00 0.000000000000000000e+00 1.400000000000000133e+00
2.000000000000000000e+00 1.000000000000000000e+00 1.400000000000000133e+00
3.000000000000000000e+00 -1.000000000000000000e+00 1.400000000000000133e+00
3.000000000000000000e+00 0.000000000000000000e+00 1.400000000000000133e+00
3.000000000000000000e+00 1.000000000000000000e+00 1.400000000000000133e+00
2.500000000000000000e-01 -1.500000000000000000e+00 1.400000000000000133e+00
2.500000000000000000e-01 1.500000000000000000e+00 1.400000000000000133e+00
5.000000000000000000e-01 -1.500000000000000000e+00 1.400000000000000133e+00
5.000000000000000000e-01 1.500000000000000000e+00 1.400000000000000133e+00
6.999999999999999556e-01 0.000000000000000000e+00 1.800000000000000044e+00
6.893654271085455365e-01 1.215537243668512180e-01 1.800000000000000044e+00
6.577848345501358107e-01 2.394141003279680879e-01 1.800000000000000044e+00
6.062177826491070842e-01 3.499999999999999223e-01 1.800000000000000044e+00
5.362311101832846205e-01 4.499513267805774208e-01 1.800000000000000044e+00
4.499513267805775318e-01 5.362311101832846205e-01 1.800000000000000044e+00
3.500000000000000333e-01 6.062177826491069732e-01 1.800000000000000044e+00
2.394141003279681712e-01 6.577848345501358107e-01 1.800000000000000044e+00
1.215537243668512873e-01 6.893654271085455365e-01 1.800000000000000044e+00
4.286263797015735979e-17 6.999999999999999556e-01 1.800000000000000044e+00
-1.215537243668512041e-01 6.893654271085455365e-01 1.800000000000000044e+00
-2.394141003279680879e-01 6.577848345501358107e-01 1.800000000000000044e+00
-3.499999999999998113e-01 6.062177826491070842e-01 1.800000000000000044e+00
-4.499513267805775318e-01 5.362311101832846205e-01 1.800000000000000044e+00
-5.362311101832845095e-01 4.499513267805775873e-01 1.800000000000000044e+00
-6.062177826491070842e-01 3.499999999999999223e-01 1.800000000000000044e+00
-6.577848345501358107e-01 2.394141003279681990e-01 1.800000000000000044e+00
-6.893654271085455365e-01 1.215537243668511902e-01 1.800000000000000044e+00
-6.999999999999999556e-01 8.572527594031471957e-17 1.800000000000000044e+00
-6.893654271085455365e-01 -1.215537243668513151e-01 1.800000000000000044e+00
-6.577848345501358107e-01 -2.394141003279680324e-01 1.800000000000000044e+00
-6.062177826491069732e-01 -3.500000000000000333e-01 1.800000000000000044e+00
-5.362311101832846205e-01 -4.499513267805774208e-01 1.800000000000000044e+00
-4.499513267805775873e-01 -5.362311101832845095e-01 1.800000000000000044e+00
-3.500000000000003109e-01 -6.062177826491068622e-01 1.800000000000000044e+00
-2.394141003279685598e-01 -6.577848345501356997e-01 1.800000000000000044e+00
-1.215537243668512180e-01 -6.893654271085455365e-01 1.800000000000000044e+00
-1.285879139104720732e-16 -6.999999999999999556e-01 1.800000000000000044e+00
1.215537243668509682e-01 -6.893654271085456475e-01 1.800000000000000044e+00
2.394141003279676994e-01 -6.577848345501359217e-01 1.800000000000000044e+00
3.500000000000000333e-01 -6.062177826491069732e-01 1.800000000000000044e+00
4.499513267805774208e-01 -5.362311101832846205e-01 1.800000000000000044e+00
5.362311101832843985e-01 -4.499513267805776984e-01 1.800000000000000044e+00
6.062177826491068622e-01 -3.500000000000003109e-01 1.800000000000000044e+00
6.577848345501358107e-01 -2.394141003279680047e-01 1.800000000000000044e+00
6.893654271085455365e-01 -1.215537243668518841e-01 1.800000000000000044e+00
1.000000000000000000e+00 0.000000000000000000e+00 1.800000000000000044e+00
9.848077530122080203e-01 1.736481776669303312e-01 1.800000000000000044e+00
9.396926207859084279e-01 3.420201433256687129e-01 1.800000000000000044e+00
8.660254037844387076e-01 4.999999999999999445e-01 1.800000000000000044e+00
7.660444431189780135e-01 6.427876096865392519e-01 1.800000000000000044e+00
6.427876096865393629e-01 7.660444431189780135e-01 1.800000000000000044e+00
5.000000000000001110e-01 8.660254037844385966e-01 1.800000000000000044e+00
3.420201433256688239e-01 9.396926207859083169e-01 1.800000000000000044e+00
1.736481776669304145e-01 9.848077530122080203e-01 1.800000000000000044e+00
6.123233995736766036e-17 1.000000000000000000e+00 1.800000000000000044e+00
-1.736481776669303034e-01 9.848077530122080203e-01 1.800000000000000044e+00
-3.420201433256687129e-01 9.396926207859084279e-01 1.800000000000000044e+00
-4.999999999999997780e-01 8.660254037844387076e-01 1.800000000000000044e+00
-6.427876096865393629e-01 7.660444431189780135e-01 1.800000000000000044e+00
-7.660444431189779024e-01 6.427876096865394739e-01 1.800000000000000044e+00
-8.660254037844387076e-01 4.999999999999999445e-01 1.800000000000000044e+00
-9.396926207859083169e-01 3.420201433256688794e-01 1.800000000000000044e+00
-9.848077530122080203e-01 1.736481776669302757e-01 1.800000000000000044e+00
-1.000000000000000000e+00 1.224646799147353207e-16 1.800000000000000044e+00
-9.848077530122080203e-01 -1.736481776669304700e-01 1.800000000000000044e+00
-9.396926207859084279e-01 -3.420201433256686574e-01 1.800000000000000044e+00
-8.660254037844385966e-01 -5.000000000000001110e-01 1.800000000000000044e+00
-7.660444431189780135e-01 -6.427876096865392519e-01 1.800000000000000044e+00
-6.427876096865394739e-01 -7.660444431189779024e-01 1.800000000000000044e+00
-5.000000000000004441e-01 -8.660254037844384856e-01 1.800000000000000044e+00
-3.420201433256693790e-01 -9.396926207859082059e-01 1.800000000000000044e+00
-1.736481776669303312e-01 -9.848077530122080203e-01 1.800000000000000044e+00
-1.836970198721029688e-16 -1.000000000000000000e+00 1.800000000000000044e+00
1.736481776669299704e-01 -9.848077530122081313e-01 1.800000000000000044e+00
3.420201433256681578e-01 -9.396926207859085389e-01 1.800000000000000044e+00
5.000000000000001110e-01 -8.660254037844385966e-01 1.800000000000000044e+00
6.427876096865392519e-01 -7.660444431189781245e-01 1.800000000000000044e+00
7.660444431189777914e-01 -6.427876096865395850e-01 1.800000000000000044e+00
8.660254037844383745e-01 -5.000000000000004441e-01 1.800000000000000044e+00
9.396926207859084279e-01 -3.420201433256686019e-01 1.800000000000000044e+00
9.848077530122079093e-01 -1.736481776669312749e-01 1.800000000000000044e+00
1.000000000000000000e+00 -1.000000000000000000e+00 1.800000000000000044e+00
1.000000000000000000e+00 0.000000000000000000e+00 1.800000000000000044e+00
1.000000000000000000e+00 1.000000000000000000e+00 1.800000000000000044e+00
2.000000000000000000e+00 -1.000000000000000000e+00 1.800000000000000044e+00
2.000000000000000000e+00 0.000000000000000000e+00 1.800000000000000044e+00
2.000000000000000000e+00 1.000000000000000000e+00 1.800000000000000044e+00
3.000000000000000000e+00 -1.000000000000000000e+00 1.800000000000000044e+00
3.000000000000000000e+00 0.000000000000000000e+00 1.800000000000000044e+00
3.000000000000000000e+00 1.000000000000000000e+00 1.800000000000000044e+00
2.500000000000000000e-01 -1.500000000000000000e+00 1.800000000000000044e+00
2.500000000000000000e-01 1.500000000000000000e+00 1.800000000000000044e+00
5.000000000000000000e-01 -1.500000000000000000e+00 1.800000000000000044e+00
5.000000000000000000e-01 1.500000000000000000e+00 1.800000000000000044e+00
6.999999999999999556e-01 0.000000000000000000e+00 2.200000000000000178e+00
6.893654271085455365e-01 1.215537243668512180e-01 2.200000000000000178e+00
6.577848345501358107e-01 2.394141003279680879e-01 2.200000000000000178e+00
6.062177826491070842e-01 3.499999999999999223e-01 2.200000000000000178e+00
5.362311101832846205e-01 4.499513267805774208e-01 2.200000000000000178e+00
4.499513267805775318e-01 5.362311101832846205e-01 2.200000000000000178e+00
3.500000000000000333e-01 6.062177826491069732e-01 2.200000000000000178e+00
2.394141003279681712e-01 6.577848345501358107e-01 2.200000000000000178e+00
1.215537243668512873e-01 6.893654271085455365e-01 2.200000000000000178e+00
4.286263797015735979e-17 6.999999999999999556e-01 2.200000000000000178e+00
-1.215537243668512041e-01 6.893654271085455365e-01 2.200000000000000178e+00
-2.394141003279680879e-01 6.577848345501358107e-01 2.200000000000000178e+00
-3.499999999999998113e-01 6.062177826491070842e-01 2.200000000000000178e+00
-4.499513267805775318e-01 5.362311101832846205e-01 2.200000000000000178e+00
-5.362311101832845095e-01 4.499513267805775873e-01 2.200000000000000178e+00
-6.062177826491070842e-01 3.499999999999999223e-01 2.200000000000000178e+00
-6.577848345501358107e-01 2.394141003279681990e-01 2.200000000000000178e+00
-6.893654271085455365e-01 1.215537243668511902e-01 2.200000000000000178e+00
-6.999999999999999556e-01 8.572527594031471957e-17 2.200000000000000178e+00
-6.893654271085455365e-01 -1.215537243668513151e-01 2.200000000000000178e+00
-6.577848345501358107e-01 -2.394141003279680324e-01 2.200000000000000178e+00
-6.062177826491069732e-01 -3.500000000000000333e-01 2.200000000000000178e+00
-5.362311101832846205e-01 -4.499513267805774208e-01 2.200000000000000178e+00
-4.499513267805775873e-01 -5.362311101832845095e-01 2.200000000000000178e+00
-3.500000000000003109e-01 -6.062177826491068622e-01 2.200000000000000178e+00
-2.394141003279685598e-01 -6.577848345501356997e-01 2.200000000000000178e+00
-1.215537243668512180e-01 -6.893654271085455365e-01 2.200000000000000178e+00
-1.285879139104720732e-16 -6.999999999999999556e-01 2.200000000000000178e+00
1.215537243668509682e-01 -6.893654271085456475e-01 2.200000000000000178e+00
2.394141003279676994e-01 -6.577848345501359217e-01 2.200000000000000178e+00
3.500000000000000333e-01 -6.062177826491069732e-01 2.200000000000000178e+00
4.499513267805774208e-01 -5.362311101832846205e-01 2.200000000000000178e+00
5.362311101832843985e-01 -4.499513267805776984e-01 2.200000000000000178e+00
6.062177826491068622e-01 -3.500000000000003109e-01 2.200000000000000178e+00
6.577848345501358107e-01 -2.394141003279680047e-01 2.200000000000000178e+00
6.893654271085455365e-01 -1.215537243668518841e-01 2.200000000000000178e+00
1.000000000000000000e+00 0.000000000000000000e+00 2.200000000000000178e+00
9.848077530122080203e-01 1.736481776669303312e-01 2.200000000000000178e+00
9.396926207859084279e-01 3.420201433256687129e-01 2.200000000000000178e+00
8.660254037844387076e-01 4.999999999999999445e-01 2.200000000000000178e+00
7.660444431189780135e-01 6.427876096865392519e-01 2.200000000000000178e+00
6.427876096865393629e-01 7.660444431189780135e-01 2.200000000000000178e+00
5.000000000000001110e-01 8.660254037844385966e-01 2.200000000000000178e+00
3.420201433256688239e-01 9.396926207859083169e-01 2.200000000000000178e+00
1.736481776669304145e-01 9.848077530122080203e-01 2.200000000000000178e+00
6.123233995736766036e-17 1.000000000000000000e+00 2.200000000000000178e+00
-1.736481776669303034e-01 9.848077530122080203e-01 2.200000000000000178e+00
-3.420201433256687129e-01 9.396926207859084279e-01 2.200000000000000178e+00
-4.999999999999997780e-01 8.660254037844387076e-01 2.200000000000000178e+00
-6.427876096865393629e-01 7.660444431189780135e-01 2.200000000000000178e+00
-7.660444431189779024e-01 6.427876096865394739e-01 2.200000000000000178e+00
-8.660254037844387076e-01 4.999999999999999445e-01 2.200000000000000178e+00
-9.396926207859083169e-01 3.420201433256688794e-01 2.200000000000000178e+00
-9.848077530122080203e-01 1.736481776669302757e-01 2.200000000000000178e+00
-1.000000000000000000e+00 1.224646799147353207e-16 2.200000000000000178e+00
-9.848077530122080203e-01 -1.736481776669304700e-01 2.200000000000000178e+00
-9.396926207859084279e-01 -3.420201433256686574e-01 2.200000000000000178e+00
-8.660254037844385966e-01 -5.000000000000001110e-01 2.200000000000000178e+00
-7.660444431189780135e-01 -6.427876096865392519e-01 2.200000000000000178e+00
-6.427876096865394739e-01 -7.660444431189779024e-01 2.200000000000000178e+00
-5.000000000000004441e-01 -8.660254037844384856e-01 2.200000000000000178e+00
-3.420201433256693790e-01 -9.396926207859082059e-01 2.200000000000000178e+00
-1.736481776669303312e-01 -9.848077530122080203e-01 2.200000000000000178e+00
-1.836970198721029688e-16 -1.000000000000000000e+00 2.200000000000000178e+00
1.736481776669299704e-01 -9.848077530122081313e-01 2.200000000000000178e+00
3.420201433256681578e-01 -9.396926207859085389e-01 2.200000000000000178e+00
5.000000000000001110e-01 -8.660254037844385966e-01 2.200000000000000178e+00
6.427876096865392519e-01 -7.660444431189781245e-01 2.200000000000000178e+00
7.660444431189777914e-01 -6.427876096865395850e-01 2.200000000000000178e+00
8.660254037844383745e-01 -5.000000000000004441e-01 2.200000000000000178e+00
9.396926207859084279e-01 -3.420201433256686019e-01 2.200000000000000178e+00
9.848077530122079093e-01 -1.736481776669312749e-01 2.200000000000000178e+00
1.000000000000000000e+00 -1.000000000000000000e+00 2.200000000000000178e+00
1.000000000000000000e+00 0.000000000000000000e+00 2.200000000000000178e+00
1.000000000000000000e+00 1.000000000000000000e+00 2.200000000000000178e+00
2.000000000000000000e+00 -1.000000000000000000e+00 2.200000000000000178e+00
2.000000000000000000e+00 0.000000000000000000e+00 2.200000000000000178e+00
2.000000000000000000e+00 1.000000000000000000e+00 2.200000000000000178e+00
3.000000000000000000e+00 -1.000000000000000000e+00 2.200000000000000178e+00
3.000000000000000000e+00 0.000000000000000000e+00 2.200000000000000178e+00
3.000000000000000000e+00 1.000000000000000000e+00 2.200000000000000178e+00
2.500000000000000000e-01 -1.500000000000000000e+00 2.200000000000000178e+00
2.500000000000000000e-01 1.500000000000000000e+00 2.200000000000000178e+00
5.000000000000000000e-01 -1.500000000000000000e+00 2.200000000000000178e+00
5.000000000000000000e-01 1.500000000000000000e+00 2.200000000000000178e+00
6.999999999999999556e-01 0.000000000000000000e+00 2.600000000000000089e+00
6.893654271085455365e-01 1.215537243668512180e-01 2.600000000000000089e+00
6.577848345501358107e-01 2.394141003279680879e-01 2.600000000000000089e+00
6.062177826491070842e-01 3.499999999999999223e-01 2.600000000000000089e+00
5.362311101832846205e-01 4.499513267805774208e-01 2.600000000000000089e+00
4.499513267805775318e-01 5.362311101832846205e-01 2.600000000000000089e+00
3.500000000000000333e-01 6.062177826491069732e-01 2.600000000000000089e+00
2.394141003279681712e-01 6.577848345501358107e-01 2.600000000000000089e+00
1.215537243668512873e-01 6.893654271085455365e-01 2.600000000000000089e+00
4.286263797015735979e-17 6.999999999999999556e-01 2.600000000000000089e+00
-1.215537243668512041e-01 6.893654271085455365e-01 2.600000000000000089e+00
-2.394141003279680879e-01 6.577848345501358107e-01 2.600000000000000089e+00
-3.499999999999998113e-01 6.062177826491070842e-01 2.600000000000000089e+00
-4.499513267805775318e-01 5.362311101832846205e-01 2.600000000000000089e+00
-5.362311101832845095e-01 4.499513267805775873e-01 2.600000000000000089e+00
-6.062177826491070842e-01 3.499999999999999223e-01 2.600000000000000089e+00
-6.577848345501358107e-01 2.394141003279681990e-01 2.600000000000000089e+00
-6.893654271085455365e-01 1.215537243668511902e-01 2.600000000000000089e+00
-6.999999999999999556e-01 8.572527594031471957e-17 2.600000000000000089e+00
-6.893654271085455365e-01 -1.215537243668513151e-01 2.600000000000000089e+00
-6.577848345501358107e-01 -2.394141003279680324e-01 2.600000000000000089e+00
-6.062177826491069732e-01 -3.500000000000000333e-01 2.600000000000000089e+00
-5.362311101832846205e-01 -4.499513267805774208e-01 2.600000000000000089e+00
-4.499513267805775873e-01 -5.362311101832845095e-01 2.600000000000000089e+00
-3.500000000000003109e-01 -6.062177826491068622e-01 2.600000000000000089e+00
-2.394141003279685598e-01 -6.577848345501356997e-01 2.600000000000000089e+00
-1.215537243668512180e-01 -6.893654271085455365e-01 2.600000000000000089e+00
-1.285879139104720732e-16 -6.999999999999999556e-01 2.600000000000000089e+00
1.215537243668509682e-01 -6.893654271085456475e-01 2.600000000000000089e+00
2.394141003279676994e-01 -6.577848345501359217e-01 2.600000000000000089e+00
3.500000000000000333e-01 -6.062177826491069732e-01 2.600000000000000089e+00
4.499513267805774208e-01 -5.362311101832846205e-01 2.600000000000000089e+00
5.362311101832843985e-01 -4.499513267805776984e-01 2.600000000000000089e+00
6.062177826491068622e-01 -3.500000000000003109e-01 2.600000000000000089e+00
6.577848345501358107e-01 -2.394141003279680047e-01 2.600000000000000089e+00
6.893654271085455365e-01 -1.215537243668518841e-01 2.600000000000000089e+00
1.000000000000000000e+00 0.000000000000000000e+00 2.600000000000000089e+00
9.848077530122080203e-01 1.736481776669303312e-01 2.600000000000000089e+00
9.396926207859084279e-01 3.420201433256687129e-01 2.600000000000000089e+00
8.660254037844387076e-01 4.999999999999999445e-01 2.600000000000000089e+00
7.660444431189780135e-01 6.427876096865392519e-01 2.600000000000000089e+00
6.427876096865393629e-01 7.660444431189780135e-01 2.600000000000000089e+00
5.000000000000001110e-01 8.660254037844385966e-01 2.600000000000000089e+00
3.420201433256688239e-01 9.396926207859083169e-01 2.600000000000000089e+00
1.736481776669304145e-01 9.848077530122080203e-01 2.600000000000000089e+00
6.123233995736766036e-17 1.000000000000000000e+00 2.600000000000000089e+00
-1.736481776669303034e-01 9.848077530122080203e-01 2.600000000000000089e+00
-3.420201433256687129e-01 9.396926207859084279e-01 2.600000000000000089e+00
-4.999999999999997780e-01 8.660254037844387076e-01 2.600000000000000089e+00
-6.427876096865393629e-01 7.660444431189780135e-01 2.600000000000000089e+00
-7.660444431189779024e-01 6.427876096865394739e-01 2.600000000000000089e+00
-8.660254037844387076e-01 4.999999999999999445e-01 2.600000000000000089e+00
-9.396926207859083169e-01 3.420201433256688794e-01 2.600000000000000089e+00
-9.848077530122080203e-01 1.736481776669302757e-01 2.600000000000000089e+00
-1.000000000000000000e+00 1.224646799147353207e-16 2.600000000000000089e+00
-9.848077530122080203e-01 -1.736481776669304700e-01 2.600000000000000089e+00
-9.396926207859084279e-01 -3.420201433256686574e-01 2.600000000000000089e+00
-8.660254037844385966e-01 -5.000000000000001110e-01 2.600000000000000089e+00
-7.660444431189780135e-01 -6.427876096865392519e-01 2.600000000000000089e+00
-6.427876096865394739e-01 -7.660444431189779024e-01 2.600000000000000089e+00
-5.000000000000004441e-01 -8.660254037844384856e-01 2.600000000000000089e+00
-3.420201433256693790e-01 -9.396926207859082059e-01 2.600000000000000089e+00
-1.736481776669303312e-01 -9.848077530122080203e-01 2.600000000000000089e+00
-1.836970198721029688e-16 -1.000000000000000000e+00 2.600000000000000089e+00
1.736481776669299704e-01 -9.848077530122081313e-01 2.600000000000000089e+00
3.420201433256681578e-01 -9.396926207859085389e-01 2.600000000000000089e+00
5.000000000000001110e-01 -8.660254037844385966e-01 2.600000000000000089e+00
6.427876096865392519e-01 -7.660444431189781245e-01 2.600000000000000089e+00
7.660444431189777914e-01 -6.427876096865395850e-01 2.600000000000000089e+00
8.660254037844383745e-01 -5.000000000000004441e-01 2.600000000000000089e+00
9.396926207859084279e-01 -3.420201433256686019e-01 2.600000000000000089e+00
9.848077530122079093e-01 -1.736481776669312749e-01 2.600000000000000089e+00
1.000000000000000000e+00 -1.000000000000000000e+00 2.600000000000000089e+00
1.000000000000000000e+00 0.000000000000000000e+00 2.600000000000000089e+00
1.000000000000000000e+00 1.000000000000000000e+00 2.600000000000000089e+00
2.000000000000000000e+00 -1.000000000000000000e+00 2.600000000000000089e+00
2.000000000000000000e+00 0.000000000000000000e+00 2.600000000000000089e+00
2.000000000000000000e+00 1.000000000000000000e+00 2.600000000000000089e+00
3.000000000000000000e+00 -1.000000000000000000e+00 2.600000000000000089e+00
3.000000000000000000e+00 0.000000000000000000e+00 2.600000000000000089e+00
3.000000000000000000e+00 1.000000000000000000e+00 2.600000000000000089e+00
2.500000000000000000e-01 -1.500000000000000000e+00 2.600000000000000089e+00
2.500000000000000000e-01 1.500000000000000000e+00 2.600000000000000089e+00
5.000000000000000000e-01 -1.500000000000000000e+00 2.600000000000000089e+00
5.000000000000000000e-01 1.500000000000000000e+00 2.600000000000000089e+00
6.999999999999999556e-01 0.000000000000000000e+00 3.000000000000000000e+00
6.893654271085455365e-01 1.215537243668512180e-01 3.000000000000000000e+00
6.577848345501358107e-01 2.394141003279680879e-01 3.000000000000000000e+00
6.062177826491070842e-01 3.499999999999999223e-01 3.000000000000000000e+00
5.362311101832846205e-01 4.499513267805774208e-01 3.000000000000000000e+00
4.499513267805775318e-01 5.362311101832846205e-01 3.000000000000000000e+00
3.500000000000000333e-01 6.062177826491069732e-01 3.000000000000000000e+00
2.394141003279681712e-01 6.577848345501358107e-01 3.000000000000000000e+00
1.215537243668512873e-01 6.893654271085455365e-01 3.000000000000000000e+00
4.286263797015735979e-17 6.999999999999999556e-01 3.000000000000000000e+00
-1.215537243668512041e-01 6.893654271085455365e-01 3.000000000000000000e+00
-2.394141003279680879e-01 6.577848345501358107e-01 3.000000000000000000e+00
-3.499999999999998113e-01 6.062177826491070842e-01 3.000000000000000000e+00
-4.499513267805775318e-01 5.362311101832846205e-01 3.000000000000000000e+00
-5.362311101832845095e-01 4.499513267805775873e-01 3.000000000000000000e+00
-6.062177826491070842e-01 3.499999999999999223e-01 3.000000000000000000e+00
-6.577848345501358107e-01 2.394141003279681990e-01 3.000000000000000000e+00
-6.893654271085455365e-01 1.215537243668511902e-01 3.000000000000000000e+00
-6.999999999999999556e-01 8.572527594031471957e-17 3.000000000000000000e+00
-6.893654271085455365e-01 -1.215537243668513151e-01 3.000000000000000000e+00
-6.577848345501358107e-01 -2.394141003279680324e-01 3.000000000000000000e+00
-6.062177826491069732e-01 -3.500000000000000333e-01 3.000000000000000000e+00
-5.362311101832846205e-01 -4.499513267805774208e-01 3.000000000000000000e+00
-4.499513267805775873e-01 -5.362311101832845095e-01 3.000000000000000000e+00
-3.500000000000003109e-01 -6.062177826491068622e-01 3.000000000000000000e+00
-2.394141003279685598e-01 -6.577848345501356997e-01 3.000000000000000000e+00
-1.215537243668512180e-01 -6.893654271085455365e-01 3.000000000000000000e+00
-1.285879139104720732e-16 -6.999999999999999556e-01 3.000000000000000000e+00
1.215537243668509682e-01 -6.893654271085456475e-01 3.000000000000000000e+00
2.394141003279676994e-01 -6.577848345501359217e-01 3.000000000000000000e+00
3.500000000000000333e-01 -6.062177826491069732e-01 3.000000000000000000e+00
4.499513267805774208e-01 -5.362311101832846205e-01 3.000000000000000000e+00
5.362311101832843985e-01 -4.499513267805776984e-01 3.000000000000000000e+00
6.062177826491068622e-01 -3.500000000000003109e-01 3.000000000000000000e+00
6.577848345501358107e-01 -2.394141003279680047e-01 3.000000000000000000e+00
6.893654271085455365e-01 -1.215537243668518841e-01 3.000000000000000000e+00
1.000000000000000000e+00 0.000000000000000000e+00 3.000000000000000000e+00
9.848077530122080203e-01 1.736481776669303312e-01 3.000000000000000000e+00
9.396926207859084279e-01 3.420201433256687129e-01 3.000000000000000000e+00
8.660254037844387076e-01 4.999999999999999445e-01 3.000000000000000000e+00
7.660444431189780135e-01 6.427876096865392519e-01 3.000000000000000000e+00
6.427876096865393629e-01 7.660444431189780135e-01 3.000000000000000000e+00
5.000000000000001110e-01 8.660254037844385966e-01 3.000000000000000000e+00
3.420201433256688239e-01 9.396926207859083169e-01 3.000000000000000000e+00
1.736481776669304145e-01 9.848077530122080203e-01 3.000000000000000000e+00
6.123233995736766036e-17 1.000000000000000000e+00 3.000000000000000000e+00
-1.736481776669303034e-01 9.848077530122080203e-01 3.000000000000000000e+00
-3.420201433256687129e-01 9.396926207859084279e-01 3.000000000000000000e+00
-4.999999999999997780e-01 8.660254037844387076e-01 3.000000000000000000e+00
-6.427876096865393629e-01 7.660444431189780135e-01 3.000000000000000000e+00
-7.660444431189779024e-01 6.427876096865394739e-01 3.000000000000000000e+00
-8.660254037844387076e-01 4.999999999999999445e-01 3.000000000000000000e+00
-9.396926207859083169e-01 3.420201433256688794e-01 3.000000000000000000e+00
-9.848077530122080203e-01 1.736481776669302757e-01 3.000000000000000000e+00
-1.000000000000000000e+00 1.224646799147353207e-16 3.000000000000000000e+00
-9.848077530122080203e-01 -1.736481776669304700e-01 3.000000000000000000e+00
-9.396926207859084279e-01 -3.420201433256686574e-01 3.000000000000000000e+00
-8.660254037844385966e-01 -5.000000000000001110e-01 3.000000000000000000e+00
-7.660444431189780135e-01 -6.427876096865392519e-01 3.000000000000000000e+00
-6.427876096865394739e-01 -7.660444431189779024e-01 3.000000000000000000e+00
-5.000000000000004441e-01 -8.660254037844384856e-01 3.000000000000000000e+00
-3.420201433256693790e-01 -9.396926207859082059e-01 3.000000000000000000e+00
-1.736481776669303312e-01 -9.848077530122080203e-01 3.000000000000000000e+00
-1.836970198721029688e-16 -1.000000000000000000e+00 3.000000000000000000e+00
1.736481776669299704e-01 -9.848077530122081313e-01 3.000000000000000000e+00
3.420201433256681578e-01 -9.396926207859085389e-01 3.000000000000000000e+00
5.000000000000001110e-01 -8.660254037844385966e-01 3.000000000000000000e+00
6.427876096865392519e-01 -7.660444431189781245e-01 3.000000000000000000e+00
7.660444431189777914e-01 -6.427876096865395850e-01 3.000000000000000000e+00
8.660254037844383745e-01 -5.000000000000004441e-01 3.000000000000000000e+00
9.396926207859084279e-01 -3.420201433256686019e-01 3.000000000000000000e+00
9.848077530122079093e-01 -1.736481776669312749e-01 3.000000000000000000e+00
1.000000000000000000e+00 -1.000000000000000000e+00 3.000000000000000000e+00
1.000000000000000000e+00 0.000000000000000000e+00 3.000000000000000000e+00
1.000000000000000000e+00 1.000000000000000000e+00 3.000000000000000000e+00
2.000000000000000000e+00 -1.000000000000000000e+00 3.000000000000000000e+00
2.000000000000000000e+00 0.000000000000000000e+00 3.000000000000000000e+00
2.000000000000000000e+00 1.000000000000000000e+00 3.000000000000000000e+00
3.000000000000000000e+00 -1.000000000000000000e+00 3.000000000000000000e+00
3.000000000000000000e+00 0.000000000000000000e+00 3.000000000000000000e+00
3.000000000000000000e+00 1.000000000000000000e+00 3.000000000000000000e+00
2.500000000000000000e-01 -1.500000000000000000e+00 3.000000000000000000e+00
2.500000000000000000e-01 1.500000000000000000e+00 3.000000000000000000e+00
5.000000000000000000e-01 -1.500000000000000000e+00 3.000000000000000000e+00
5.000000000000000000e-01 1.500000000000000000e+00 3.000000000000000000e+00
6.999999999999999556e-01 0.000000000000000000e+00 3.400000000000000355e+00
6.893654271085455365e-01 1.215537243668512180e-01 3.400000000000000355e+00
6.577848345501358107e-01 2.394141003279680879e-01 3.400000000000000355e+00
6.062177826491070842e-01 3.499999999999999223e-01 3.400000000000000355e+00
5.362311101832846205e-01 4.499513267805774208e-01 3.400000000000000355e+00
4.499513267805775318e-01 5.362311101832846205e-01 3.400000000000000355e+00
3.500000000000000333e-01 6.062177826491069732e-01 3.400000000000000355e+00
2.394141003279681712e-01 6.577848345501358107e-01 3.400000000000000355e+00
1.215537243668512873e-01 6.893654271085455365e-01 3.400000000000000355e+00
4.286263797015735979e-17 6.999999999999999556e-01 3.400000000000000355e+00
-1.215537243668512041e-01 6.893654271085455365e-01 3.400000000000000355e+00
-2.394141003279680879e-01 6.577848345501358107e-01 3.400000000000000355e+00
-3.499999999999998113e-01 6.062177826491070842e-01 3.400000000000000355e+00
-4.499513267805775318e-01 5.362311101832846205e-01 3.400000000000000355e+00
-5.362311101832845095e-01 4.499513267805775873e-01 3.400000000000000355e+00
-6.062177826491070842e-01 3.499999999999999223e-01 3.400000000000000355e+00
-6.577848345501358107e-01 2.394141003279681990e-01 3.400000000000000355e+00
-6.893654271085455365e-01 1.215537243668511902e-01 3.400000000000000355e+00
-6.999999999999999556e-01 8.572527594031471957e-17 3.400000000000000355e+00
-6.893654271085455365e-01 -1.215537243668513151e-01 3.400000000000000355e+00
-6.577848345501358107e-01 -2.394141003279680324e-01 3.400000000000000355e+00
-6.062177826491069732e-01 -3.500000000000000333e-01 3.400000000000000355e+00
-5.362311101832846205e-01 -4.499513267805774208e-01 3.400000000000000355e+00
-4.499513267805775873e-01 -5.362311101832845095e-01 3.400000000000000355e+00
-3.500000000000003109e-01 -6.062177826491068622e-01 3.400000000000000355e+00
-2.394141003279685598e-01 -6.577848345501356997e-01 3.400000000000000355e+00
-1.215537243668512180e-01 -6.893654271085455365e-01 3.400000000000000355e+00
-1.285879139104720732e-16 -6.999999999999999556e-01 3.400000000000000355e+00
1.215537243668509682e-01 -6.893654271085456475e-01 3.400000000000000355e+00
2.394141003279676994e-01 -6.577848345501359217e-01 3.400000000000000355e+00
3.500000000000000333e-01 -6.062177826491069732e-01 3.400000000000000355e+00
4.499513267805774208e-01 -5.362311101832846205e-01 3.400000000000000355e+00
5.362311101832843985e-01 -4.499513267805776984e-01 3.400000000000000355e+00
6.062177826491068622e-01 -3.500000000000003109e-01 3.400000000000000355e+00
6.577848345501358107e-01 -2.394141003279680047e-01 3.400000000000000355e+00
6.893654271085455365e-01 -1.215537243668518841e-01 3.400000000000000355e+00
1.000000000000000000e+00 0.000000000000000000e+00 3.400000000000000355e+00
9.848077530122080203e-01 1.736481776669303312e-01 3.400000000000000355e+00
9.396926207859084279e-01 3.420201433256687129e-01 3.400000000000000355e+00
8.660254037844387076e-01 4.999999999999999445e-01 3.400000000000000355e+00
7.660444431189780135e-01 6.427876096865392519e-01 3.400000000000000355e+00
6.427876096865393629e-01 7.660444431189780135e-01 3.400000000000000355e+00
5.000000000000001110e-01 8.660254037844385966e-01 3.400000000000000355e+00
3.420201433256688239e-01 9.396926207859083169e-01 3.400000000000000355e+00
1.736481776669304145e-01 9.848077530122080203e-01 3.400000000000000355e+00
6.123233995736766036e-17 1.000000000000000000e+00 3.400000000000000355e+00
-1.736481776669303034e-01 9.848077530122080203e-01 3.400000000000000355e+00
-3.420201433256687129e-01 9.396926207859084279e-01 3.400000000000000355e+00
-4.999999999999997780e-01 8.660254037844387076e-01 3.400000000000000355e+00
-6.427876096865393629e-01 7.660444431189780135e-01 3.400000000000000355e+00
-7.660444431189779024e-01 6.427876096865394739e-01 3.400000000000000355e+00
-8.660254037844387076e-01 4.999999999999999445e-01 3.400000000000000355e+00
-9.396926207859083169e-01 3.420201433256688794e-01 3.400000000000000355e+00
-9.848077530122080203e-01 1.736481776669302757e-01 3.400000000000000355e+00
-1.000000000000000000e+00 1.224646799147353207e-16 3.400000000000000355e+00
-9.848077530122080203e-01 -1.736481776669304700e-01 3.400000000000000355e+00
-9.396926207859084279e-01 -3.420201433256686574e-01 3.400000000000000355e+00
-8.660254037844385966e-01 -5.000000000000001110e-01 3.400000000000000355e+00
-7.660444431189780135e-01 -6.427876096865392519e-01 3.400000000000000355e+00
-6.427876096865394739e-01 -7.660444431189779024e-01 3.400000000000000355e+00
-5.000000000000004441e-01 -8.660254037844384856e-01 3.400000000000000355e+00
-3.420201433256693790e-01 -9.396926207859082059e-01 3.400000000000000355e+00
-1.736481776669303312e-01 -9.848077530122080203e-01 3.400000000000000355e+00
-1.836970198721029688e-16 -1.000000000000000000e+00 3.400000000000000355e+00
1.736481776669299704e-01 -9.848077530122081313e-01 3.400000000000000355e+00
3.420201433256681578e-01 -9.396926207859085389e-01 3.400000000000000355e+00
5.000000000000001110e-01 -8.660254037844385966e-01 3.400000000000000355e+00
6.427876096865392519e-01 -7.660444431189781245e-01 3.400000000000000355e+00
7.660444431189777914e-01 -6.427876096865395850e-01 3.400000000000000355e+00
8.660254037844383745e-01 -5.000000000000004441e-01 3.400000000000000355e+00
9.396926207859084279e-01 -3.420201433256686019e-01 3.400000000000000355e+00
9.848077530122079093e-01 -1.736481776669312749e-01 3.400000000000000355e+00
1.000000000000000000e+00 -1.000000000000000000e+00 3.400000000000000355e+00
1.000000000000000000e+00 0.000000000000000000e+00 3.400000000000000355e+00
1.000000000000000000e+00 1.000000000000000000e+00 3.400000000000000355e+00
2.000000000000000000e+00 -1.000000000000000000e+00 3.400000000000000355e+00
2.000000000000000000e+00 0.000000000000000000e+00 3.400000000000000355e+00
2.000000000000000000e+00 1.000000000000000000e+00 3.400000000000000355e+00
3.000000000000000000e+00 -1.000000000000000000e+00 3.400000000000000355e+00
3.000000000000000000e+00 0.000000000000000000e+00 3.400000000000000355e+00
3.000000000000000000e+00 1.000000000000000000e+00 3.400000000000000355e+00
2.500000000000000000e-01 -1.500000000000000000e+00 3.400000000000000355e+00
2.500000000000000000e-01 1.500000000000000000e+00 3.400000000000000355e+00
5.000000000000000000e-01 -1.500000000000000000e+00 3.400000000000000355e+00
5.000000000000000000e-01 1.500000000000000000e+00 3.400000000000000355e+00
6.999999999999999556e-01 0.000000000000000000e+00 3.800000000000000266e+00
6.893654271085455365e-01 1.215537243668512180e-01 3.800000000000000266e+00
6.577848345501358107e-01 2.394141003279680879e-01 3.800000000000000266e+00
6.062177826491070842e-01 3.499999999999999223e-01 3.800000000000000266e+00
5.362311101832846205e-01 4.499513267805774208e-01 3.800000000000000266e+00
4.499513267805775318e-01 5.362311101832846205e-01 3.800000000000000266e+00
3.500000000000000333e-01 6.062177826491069732e-01 3.800000000000000266e+00
2.394141003279681712e-01 6.577848345501358107e-01 3.800000000000000266e+00
1.215537243668512873e-01 6.893654271085455365e-01 3.800000000000000266e+00
4.286263797015735979e-17 6.999999999999999556e-01 3.800000000000000266e+00
-1.215537243668512041e-01 6.893654271085455365e-01 3.800000000000000266e+00
-2.394141003279680879e-01 6.577848345501358107e-01 3.800000000000000266e+00
-3.499999999999998113e-01 6.062177826491070842e-01 3.800000000000000266e+00
-4.499513267805775318e-01 5.362311101832846205e-01 3.800000000000000266e+00
-5.362311101832845095e-01 4.499513267805775873e-01 3.800000000000000266e+00
-6.062177826491070842e-01 3.499999999999999223e-01 3.800000000000000266e+00
-6.577848345501358107e-01 2.394141003279681990e-01 3.800000000000000266e+00
-6.893654271085455365e-01 1.215537243668511902e-01 3.800000000000000266e+00
-6.999999999999999556e-01 8.572527594031471957e-17 3.800000000000000266e+00
-6.893654271085455365e-01 -1.215537243668513151e-01 3.800000000000000266e+00
-6.577848345501358107e-01 -2.394141003279680324e-01 3.800000000000000266e+00
-6.062177826491069732e-01 -3.500000000000000333e-01 3.800000000000000266e+00
-5.362311101832846205e-01 -4.499513267805774208e-01 3.800000000000000266e+00
-4.499513267805775873e-01 -5.362311101832845095e-01 3.800000000000000266e+00
-3.500000000000003109e-01 -6.062177826491068622e-01 3.800000000000000266e+00
-2.394141003279685598e-01 -6.577848345501356997e-01 3.800000000000000266e+00
-1.215537243668512180e-01 -6.893654271085455365e-01 3.800000000000000266e+00
-1.285879139104720732e-16 -6.999999999999999556e-01 3.800000000000000266e+00
1.215537243668509682e-01 -6.893654271085456475e-01 3.800000000000000266e+00
2.394141003279676994e-01 -6.577848345501359217e-01 3.800000000000000266e+00
3.500000000000000333e-01 -6.062177826491069732e-01 3.800000000000000266e+00
4.499513267805774208e-01 -5.362311101832846205e-01 3.800000000000000266e+00
5.362311101832843985e-01 -4.499513267805776984e-01 3.800000000000000266e+00
6.062177826491068622e-01 -3.500000000000003109e-01 3.800000000000000266e+00
6.577848345501358107e-01 -2.394141003279680047e-01 3.800000000000000266e+00
6.893654271085455365e-01 -1.215537243668518841e-01 3.800000000000000266e+00
1.000000000000000000e+00 0.000000000000000000e+00 3.800000000000000266e+00
9.848077530122080203e-01 1.736481776669303312e-01 3.800000000000000266e+00
9.396926207859084279e-01 3.420201433256687129e-01 3.800000000000000266e+00
8.660254037844387076e-01 4.999999999999999445e-01 3.800000000000000266e+00
7.660444431189780135e-01 6.427876096865392519e-01 3.800000000000000266e+00
6.427876096865393629e-01 7.660444431189780135e-01 3.800000000000000266e+00
5.000000000000001110e-01 8.660254037844385966e-01 3.800000000000000266e+00
3.420201433256688239e-01 9.396926207859083169e-01 3.800000000000000266e+00
1.736481776669304145e-01 9.848077530122080203e-01 3.800000000000000266e+00
6.123233995736766036e-17 1.000000000000000000e+00 3.800000000000000266e+00
-1.736481776669303034e-01 9.848077530122080203e-01 3.800000000000000266e+00
-3.420201433256687129e-01 9.396926207859084279e-01 3.800000000000000266e+00
-4.999999999999997780e-01 8.660254037844387076e-01 3.800000000000000266e+00
-6.427876096865393629e-01 7.660444431189780135e-01 3.800000000000000266e+00
-7.660444431189779024e-01 6.427876096865394739e-01 3.800000000000000266e+00
-8.660254037844387076e-01 4.999999999999999445e-01 3.800000000000000266e+00
-9.396926207859083169e-01 3.420201433256688794e-01 3.800000000000000266e+00
-9.848077530122080203e-01 1.736481776669302757e-01 3.800000000000000266e+00
-1.000000000000000000e+00 1.224646799147353207e-16 3.800000000000000266e+00
-9.848077530122080203e-01 -1.736481776669304700e-01 3.800000000000000266e+00
-9.396926207859084279e-01 -3.420201433256686574e-01 3.800000000000000266e+00
-8.660254037844385966e-01 -5.000000000000001110e-01 3.800000000000000266e+00
-7.660444431189780135e-01 -6.427876096865392519e-01 3.800000000000000266e+00
-6.427876096865394739e-01 -7.660444431189779024e-01 3.800000000000000266e+00
-5.000000000000004441e-01 -8.660254037844384856e-01 3.800000000000000266e+00
-3.420201433256693790e-01 -9.396926207859082059e-01 3.800000000000000266e+00
-1.736481776669303312e-01 -9.848077530122080203e-01 3.800000000000000266e+00
-1.836970198721029688e-16 -1.000000000000000000e+00 3.800000000000000266e+00
1.736481776669299704e-01 -9.848077530122081313e-01 3.800000000000000266e+00
3.420201433256681578e-01 -9.396926207859085389e-01 3.800000000000000266e+00
5.000000000000001110e-01 -8.660254037844385966e-01 3.800000000000000266e+00
6.427876096865392519e-01 -7.660444431189781245e-01 3.800000000000000266e+00
7.660444431189777914e-01 -6.427876096865395850e-01 3.800000000000000266e+00
8.660254037844383745e-01 -5.000000000000004441e-01 3.800000000000000266e+00
9.396926207859084279e-01 -3.420201433256686019e-01 3.800000000000000266e+00
9.848077530122079093e-01 -1.736481776669312749e-01 3.800000000000000266e+00
1.000000000000000000e+00 -1.000000000000000000e+00 3.800000000000000266e+00
1.000000000000000000e+00 0.000000000000000000e+00 3.800000000000000266e+00
1.000000000000000000e+00 1.000000000000000000e+00 3.800000000000000266e+00
2.000000000000000000e+00 -1.000000000000000000e+00 3.800000000000000266e+00
2.000000000000000000e+00 0.000000000000000000e+00 3.800000000000000266e+00
2.000000000000000000e+00 1.000000000000000000e+00 3.800000000000000266e+00
3.000000000000000000e+00 -1.000000000000000000e+00 3.800000000000000266e+00
3.000000000000000000e+00 0.000000000000000000e+00 3.800000000000000266e+00
3.000000000000000000e+00 1.000000000000000000e+00 3.800000000000000266e+00
2.500000000000000000e-01 -1.500000000000000000e+00 3.800000000000000266e+00
2.500000000000000000e-01 1.500000000000000000e+00 3.800000000000000266e+00
5.000000000000000000e-01 -1.500000000000000000e+00 3.800000000000000266e+00
5.000000000000000000e-01 1.500000000000000000e+00 3.800000000000000266e+00
